F L I M V S P T A Y H Q N K D E C W R G
F 0 1.160 1.189 1.031 1.855 4.544 3.675 3.166 4.11 2.062 4.093 3.889 4.402 5.888 5.758 5.171 2.904 1.982 6.269 5.958
L 1.160 0 0.368 1.435 0.831 4.189 3.209 2.770 3.562 2.543 4.168 3.892 4.251 5.819 5.662 5.202 2.554 2.801 6.354 5.595
I 1.189 0.368 0 1.565 0.873 4.420 3.531 3.064 3.721 2.805 4.367 4.214 4.552 6.081 5.912 5.463 2.592 2.935 6.559 5.744
M 1.031 1.435 1.565 0 1.879 3.618 3.014 2.404 3.263 1.853 3.513 3.243 3.624 5.456 5.152 4.657 2.217 2.440 5.905 4.995
V 1.855 0.831 0.873 1.879 0 3.936 3.075 2.627 3.125 3.100 4.346 4.074 4.245 6.076 5.616 5.296 2.168 3.532 6.672 5.220
S 4.544 4.189 4.420 3.618 3.936 0 1.986 1.697 1.295 4.033 3.900 2.764 1.993 5.291 3.768 3.990 2.758 5.495 6.229 1.908
P 3.675 3.209 3.531 3.014 3.075 1.986 0 0.869 2.276 2.909 3.357 1.882 1.759 4.375 3.864 3.688 3.047 4.292 5.425 3.787
T 3.166 2.770 3.064 2.404 2.627 1.697 0.869 0 1.795 2.691 3.308 2.070 1.898 4.818 3.858 3.701 2.279 4.045 5.740 3.467
A 4.110 3.562 3.721 3.263 3.125 1.295 2.276 1.795 0 4.177 4.199 3.489 2.892 5.847 4.471 4.661 1.919 5.441 6.687 2.163
Y 2.062 2.543 2.805 1.853 3.100 4.033 2.909 2.691 4.177 0 3.105 2.240 3.077 4.398 4.633 3.882 3.591 1.643 4.837 5.704
H 4.093 4.168 4.367 3.513 4.346 3.900 3.357 3.308 4.199 3.105 0 2.912 3.164 3.027 3.692 3.134 4.094 4.033 3.352 5.115
Q 3.889 3.892 4.214 3.243 4.074 2.764 1.882 2.070 3.489 2.240 2.912 0 1.090 3.595 3.225 2.743 3.868 3.835 4.462 4.496
N 4.402 4.251 4.552 3.624 4.245 1.993 1.759 1.898 2.892 3.077 3.164 1.090 0 4.074 2.825 2.738 3.592 4.686 4.961 3.593
K 5.888 5.819 6.081 5.456 6.076 5.291 4.375 4.818 5.847 4.398 3.027 3.595 4.074 0 4.718 4.075 6.352 5.343 1.694 6.646
D 5.758 5.662 5.912 5.152 5.616 3.768 3.864 3.858 4.471 4.633 3.692 3.225 2.825 4.718 0 1.109 4.849 6.010 5.541 4.827
E 5.171 5.202 5.463 4.657 5.296 3.990 3.688 3.701 4.661 3.882 3.134 2.743 2.738 4.075 1.109 0 4.835 5.172 4.870 5.328
C 2.904 2.554 2.592 2.217 2.168 2.758 3.047 2.279 1.919 3.591 4.094 3.868 3.592 6.352 4.849 4.835 0 4.476 6.878 3.536
W 1.982 2.801 2.935 2.440 3.532 5.495 4.292 4.045 5.441 1.643 4.033 3.835 4.686 5.343 6.010 5.172 4.476 0 5.516 7.080
R 6.269 6.354 6.559 5.905 6.672 6.229 5.425 5.740 6.687 4.837 3.352 4.462 4.961 1.694 5.541 4.870 6.878 5.516 0 7.415
G 5.958 5.595 5.744 4.995 5.220 1.908 3.787 3.467 2.163 5.704 5.115 4.496 3.593 6.646 4.827 5.328 3.536 7.080 7.415 0
